,,, 422904063
,,, 334223145
,,, 165276304
,,, 593077150
,,, 510399402
,,, 665413264
,,, 675111450
,,, 675111468
,,, 423665762
,,, 616851551
,,, 675111479
,,, 593862025
,,, 335641983
,,, 675111479
,,, 166875933
,,, 562187857
,,, 277590432
,,, 511252442
,,, 306456638
,,, 511254308
,,, 478488470
,,, 453690959
,,, 338968670
,,, 453690959
,,, 513153264
,,, 232241535
,,, 134937920
,,, 563532304
,,, 169416885
,,, 640318896
,,, 134937920
,,, 640318896
,,, 640319191
,,, 134937920
,,, 134937929
,,, 479450057
,,, 667090007
,,, 134937929
,,, 479450057
,,, 134937929
,,, 479625725
,,, 170255740
,,, 134937939
,,, 394718504
,,, 514778373
,,, 134937939
,,, 565956495
,,, 514843480
,,, 134937939
,,, 565956571
,,, 565956609
,,, 205377692
,,, 171407280
,,, 566110376
,,, 311360521
,,, 427820311
,,, 205377692
,,, 311360530
,,, 311360548
,,, 205377692
,,, 311360565
,,, 279382342
,,, 675375061
,,, 236214355
,,, 598620332
,,, 675375081
,,, 675376550
,,, 237611290
,,, 675376550
,,, 669124828
,,, 675376550
,,, 428846377
,,, 540419256
,,, 428846377
,,, 455282318
,,, 428846377
,,, 541379613
,,, 675541319
,,, 428846377
,,, 237692772
,,, 209477480
,,, 600501741
,,, 456789778
,,, 374616824
,,, 255083621
,,, 645169710
,,, 374616824
,,, 255083621
,,, 517303521
,,, 374616824
,,, 238248496
,,, 374616824
,,, 645935126
,,, 486466199
,,, 517303559
,,, 282139301
,,, 210608329
,,, 669972063
,,, 675774357
,,, 312570500
,,, 675806827
,,, 430945638
,,, 457825843
,,, 256101257
,,, 670395812
,,, 240780335
,,, 676016981
,,, 647188172
,,, 670395812
,,, 487971334
,,, 256782216
,,, 351069463
,,, 176091012
,,, 313572437
,,, 176091012
,,, 670913938
,,, 545277074
,,, 283900750
,,, 313572713
,,, 676077998
,,, 602602109
,,, 284176540
,,, 520170899
,,, 624708814
,,, 313572785
,,, 546550093
,,, 176617854
,,, 285338666
,,, 671507269
,,, 676283261
,,, 603887409
,,, 647576858
,,, 676283261
,,, 647576858
,,, 547958599
,,, 647576858
,,, 259539524
,,, 571475635
,,, 151508482
,,, 648503456
,,, 491079049
,,, 259539524
,,, 218307214
,,, 378792853
,,, 107883363
,,, 491302748
,,, 152366856
,,, 463384343
,,, 491588922
,,, 107977528
,,, 491588922
,,, 463720898
,,, 491588922
,,, 179250744
,,, 676734096
,,, 491588922
,,, 464487295
,,, 649253673
,,, 464673224
,,, 672911415
,,, 492567115
,,, 550829515
,,, 628713964
,,, 493916938
,,, 465041761
,,, 650850200
,,, 465113197
,,, 672911422
,,, 465113197
,,, 465225901
,,, 672911438
,,, 465392095
,,, 551714843
,,, 157346255
,,, 319424467
,,, 677053144
,,, 672911444
,,, 496008166
,,, 552473784
,,, 672911453
,,, 577211723
,,, 577616915
,,, 577922717
,,, 179811935
,,, 322356752
,,, 677053226
,,, 629709971
,,, 501317656
,,, 501400396
,,, 552796724
,,, 223311271
,,, 437058467
,,, 655717323
,,, 223464414
,,, 110093631
,,, 157830351
,,, 414447048
,,, 157830351
,,, 181045406
,,, 466317224
,,, 181045406
,,, 466317277
,,, 656107630
,,, 466317388
,,, 181045406
,,, 581268003
,,, 466332356
,,, 677205286
,,, 466625729
,,, 502475989
,,, 223703913
,,, 502475989
,,, 383499100
,,, 181045406
,,, 677348054
,,, 657428208
,,, 677348054
,,, 181045406
,,, 677348054
,,, 673635732
,,, 467739495
,,, 417038202
,,, 358010182
,,, 417038206
,,, 467739495
,,, 504706814
,,, 525733246
,,, 417726432
,,, 328406166
,,, 418035727
,,, 467795099
,,, 418136079
,,, 554455951
,,, 418136150
,,, 329749012
,,, 467987996
,,, 506326584
,,, 631948968
,,, 438464688
,,, 223772673
,,, 673781741
,,, 677715817
,,, 114042912
,,, 677715817
,,, 506326632
,,, 677715817
,,, 673878820
,,, 556157751
,,, 677762690
,,, 527803807
,,, 677762690
,,, 506327792
,,, 528799428
,,, 528799430
,,, 677762690
,,, 662153593
,,, 528799430
,,, 677762690
,,, 589079482
,,, 633568917
,,, 508494369
,,, 633568917
,,, 528799433
,,, 557084629
,,, 187393896
,,, 557084667
,,, 187393909
,,, 677856484
,,, 662695985
,,, 187450953
,,, 677856484
,,, 529217066
,,, 188351368
,,, 677856484
,,, 188351368
,,, 163595251
,,, 609754705
,,, 362205943
,,, 362205979
,,, 163606975
,,, 362206009
,,, 362206019
,,, 163606976
,,, 189597000
,,, 677997927
,,, 120061069
,,, 677999529
,,, 388510434
,,, 191267664
,,, 674500783
,,, 299471769
,,, 674500783
,,, 611726262
,,, 474334283
,,, 559415865
,,, 299978879
,,, 636672542
,,, 560163866
,,, 123013869
,,, 193979025
,,, 391030917
,,, 269970759
,,, 194929873
,,, 195645936
,,, 534288177
,,, 229876963
,,, 272400009
,,, 304555308
,,, 305761729
,,, 674792175
,,, 562145152
,,, 674892531
,,, 535219915
,,, 200269791
,,, 368665130
,,, 131053456
,,, 451013522
,,, 201364989
,,, 201365001
,,, 201792451
,,, 369547539
,,, 675111434
,,, 616791375
