11225295
11225388
11225505
11226112
11226279
11226739
11226914
11226930
11226941
11227111
11227125
11227465
11227857
11227903
11228412
11228414
11228469
11228470
11228523
11229166
11229203
11229349
11229530
11229573
11229618
11229638
11229655
11229660
11229792
11229940
11230004
11230005
11230006
11230007
11230062
11230216
11230394
11230395
11230396
11230439
11230650
11231161
11231507
11231742
11231925
11232102
11232176
11232230
11232238
11232309
11232382
11232493
11232656
11232657
11232809
11233089
11233685
11233686
11233815
11233832
11234535
11234623
11234624
11234696
11234737
11234763
11234768
11234773
11234826
11234828
11234852
11235028
11235193
11235195
11235501
11235639
11235850
11235851
11235852
11236119
