11236131
11236295
11236296
11236297
11236489
11236495
11236684
11236691
11236775
11236838
11237084
11237109
11237186
11237391
11237547
11237837
11237938
11238107
11238214
11238355
11238450
11238657
11238715
11239090
11239239
11239331
11239373
11239869
11240012
11240104
11240165
11240326
11240496
11240521
11240523
11240604
11241006
11241132
11241186
11241204
11241210
11241646
11241772
11241773
11242016
11242169
11242178
11242209
11242237
11242238
11242239
11242591
11242592
11242593
11243000
11243259
11243260
11243261
11243262
11243263
11243416
11243589
11243590
11243683
11243684
11244056
11244062
11244515
11244866
11245068
11245252
11245464
11245498
11245548
11245655
11245777
11245812
11245839
11245883
11246119
