11246120
11246121
11246122
11246378
11246685
11246774
11246933
11246947
11246948
11246977
11247011
11247276
11247392
11248110
11248133
11248788
11248825
11248861
11248862
11248873
11249708
11249709
11249711
11249712
11249713
11249714
11249715
11250434
11250519
11250651
11250811
11250847
11250925
11251167
11251464
11251567
11251581
11251647
11251848
11251960
11252275
11252331
11252468
11252574
11252715
11252983
11253113
11253181
11253182
11253183
11253184
11253185
11253186
11253337
11253375
11253376
11253613
11254079
11254335
11254338
11254622
11255392
11255418
11255822
11256222
11256245
11256246
11256886
11257693
