113865,2,,22314,,,,,,,[],8
113866,2,,22315,,,,,,,[],8
113867,2,,22316,,,,,,,[],8
113868,2,,22317,,,,,,,[],8
113869,2,,22318,,,,,,,[],8
113870,2,,22319,,,,,,,[],8
113871,2,,22320,,,,,,,[],8
113872,2,,22321,,,,,,,[],8
113873,2,,22322,,,,,,,[],8
113874,2,,22323,,,,,,,[],8
113875,2,,22324,,,,,,,[],8
113876,2,,22325,,,,,,,[],8
113877,2,,22326,,,,,,,[],8
113878,2,,22327,,,,,,,[],8
113879,2,,22328,,,,,,,[],8
113880,2,,22329,,,,,,,[],8
113881,2,,22330,,,,,,,[],8
113882,2,,22331,,,,,,,[],8
113883,2,,22332,,,,,,,[],8
113884,2,,22333,,,,,,,[],8
113885,2,,22334,,,,,,,[],8
113886,2,,22335,,,,,,,[],8
113887,2,,22336,,,,,,,[],8
113888,2,,22337,,,,,,,[],8
113889,2,,22338,,,,,,,[],8
113890,2,,22339,,,,,,,[],8
113891,2,,22340,,,,,,,[],8
113892,2,,22341,,,,,,,[],8
113893,2,,22342,,,,,,,[],8
113894,2,,22343,,,,,,,[],8
113895,2,,22344,,,,,,,[],8
113896,2,,22345,,,,,,,[],8
113897,2,,22346,,,,,,,[],8
113898,2,,22347,,,,,,,[],8
113899,2,,22348,,,,,,,[],8
113900,2,,22349,,,,,,,[],8
113901,2,,22350,,,,,,,[],8
113902,2,,22351,,,,,,,[],8
113903,2,,22352,,,,,,,[],8
113904,2,,22353,,,,,,,[],8
113905,2,,22354,,,,,,,[],8
113906,2,,22355,,,,,,,[],8
113907,2,,22356,,,,,,,[],8
113908,2,,22357,,,,,,,[],8
113909,2,,22358,,,,,,,[],8
113910,2,,22359,,,,,,,[],8
113911,2,,22360,,,,,,,[],8
113912,2,,22361,,,,,,,[],8
113913,2,,22362,,,,,,,[],8
113914,2,,22363,,,,,,,[],8
113915,2,,22364,,,,,,,[],8
113916,2,,22365,,,,,,,[],8
113917,2,,22366,,,,,,,[],8
113918,2,,22367,,,,,,,[],8
113919,2,,22368,,,,,,,[],8
113920,2,,22369,,,,,,,[],8
113921,2,,22370,,,,,,,[],8
113922,2,,22371,,,,,,,[],8
113923,2,,22372,,,,,,,[],8
113924,2,,22373,,,,,,,[],8
113925,2,,22374,,,,,,,[],8
113926,2,,22375,,,,,,,[],8
113927,2,,22376,,,,,,,[],8
113928,2,,22377,,,,,,,[],8
113929,2,,22378,,,,,,,[],8
113930,2,,22379,,,,,,,[],8
113931,2,,22380,,,,,,,[],8
113932,2,,22381,,,,,,,[],8
113933,2,,22382,,,,,,,[],8
113934,2,,22383,,,,,,,[],8
113935,2,,22384,,,,,,,[],8
113936,2,,22385,,,,,,,[],8
113937,2,,22386,,,,,,,[],8
113938,2,,22387,,,,,,,[],8
113939,2,,22388,,,,,,,[],8
113940,2,,22389,,,,,,,[],8
113941,2,,22390,,,,,,,[],8
113942,2,,22391,,,,,,,[],8
113943,2,,22392,,,,,,,[],8
113944,2,,22393,,,,,,,[],8
113945,2,,22394,,,,,,,[],8
113946,2,,22395,,,,,,,[],8
113947,2,,22396,,,,,,,[],8
113948,2,,22397,,,,,,,[],8
113949,2,,22398,,,,,,,[],8
113950,2,,22399,,,,,,,[],8
113951,2,,22400,,,,,,,[],8
113952,2,,22401,,,,,,,[],8
113953,2,,22402,,,,,,,[],8
113954,2,,22403,,,,,,,[],8
113955,2,,22404,,,,,,,[],8
113956,2,,22405,,,,,,,[],8
113957,2,,22406,,,,,,,[],8
113958,2,,22407,,,,,,,[],8
113959,2,,22408,,,,,,,[],8
113960,2,,22409,,,,,,,[],8
113961,2,,22410,,,,,,,[],8
113962,2,,22411,,,,,,,[],8
113963,2,,22412,,,,,,,[],8
113964,2,,22413,,,,,,,[],8
113965,2,,22414,,,,,,,[],8
113966,2,,22415,,,,,,,[],8
113967,2,,22416,,,,,,,[],8
113968,2,,22417,,,,,,,[],8
113969,2,,22418,,,,,,,[],8
113970,2,,22419,,,,,,,[],8
113971,2,,22420,,,,,,,[],8
113972,2,,22421,,,,,,,[],8
113973,2,,22422,,,,,,,[],8
113974,2,,22423,,,,,,,[],8
113975,2,,22424,,,,,,,[],8
113976,2,,22425,,,,,,,[],8
113977,2,,22426,,,,,,,[],8
113978,2,,22427,,,,,,,[],8
113979,2,,22428,,,,,,,[],8
113980,2,,22429,,,,,,,[],8
113981,2,,22430,,,,,,,[],8
113982,2,,22431,,,,,,,[],8
113983,2,,22432,,,,,,,[],8
113984,2,,22433,,,,,,,[],8
113985,2,,22434,,,,,,,[],8
113986,2,,22435,,,,,,,[],8
113987,2,,22436,,,,,,,[],8
113988,2,,22437,,,,,,,[],8
113989,2,,22438,,,,,,,[],8
113990,2,,22439,,,,,,,[],8
113991,2,,22440,,,,,,,[],8
113992,2,,22441,,,,,,,[],8
113993,2,,22442,,,,,,,[],8
113994,2,,22443,,,,,,,[],8
113995,2,,22444,,,,,,,[],8
113996,2,,22445,,,,,,,[],8
113997,2,,22446,,,,,,,[],8
113998,2,,22447,,,,,,,[],8
113999,2,,22448,,,,,,,[],8
114000,2,,22449,,,,,,,[],8
114001,2,,22450,,,,,,,[],8
114002,2,,22451,,,,,,,[],8
114003,2,,22452,,,,,,,[],8
114004,2,,22453,,,,,,,[],8
114005,2,,22454,,,,,,,[],8
114006,2,,22455,,,,,,,[],8
114007,2,,22456,,,,,,,[],8
114008,2,,22457,,,,,,,[],8
114009,2,,22458,,,,,,,[],8
114010,2,,22459,,,,,,,[],8
114011,2,,22460,,,,,,,[],8
114012,2,,22461,,,,,,,[],8
114013,2,,22462,,,,,,,[],8
114014,2,,22463,,,,,,,[],8
114015,2,,22464,,,,,,,[],8
114016,2,,22465,,,,,,,[],8
114017,2,,22466,,,,,,,[],8
114018,2,,22467,,,,,,,[],8
114019,2,,22468,,,,,,,[],8
114020,2,,22469,,,,,,,[],8
114021,2,,22470,,,,,,,[],8
114022,2,,22471,,,,,,,[],8
114023,2,,22472,,,,,,,[],8
114024,2,,22473,,,,,,,[],8
114025,2,,22474,,,,,,,[],8
114026,2,,22475,,,,,,,[],8
114027,2,,22476,,,,,,,[],8
114028,2,,22477,,,,,,,[],8
114029,2,,22478,,,,,,,[],8
114030,2,,22479,,,,,,,[],8
114031,2,,22480,,,,,,,[],8
114032,2,,22481,,,,,,,[],8
114033,2,,22482,,,,,,,[],8
114034,2,,22483,,,,,,,[],8
114035,2,,22484,,,,,,,[],8
114036,2,,22485,,,,,,,[],8
114037,2,,22486,,,,,,,[],8
114038,2,,22487,,,,,,,[],8
114039,2,,22488,,,,,,,[],8
114040,2,,22489,,,,,,,[],8
114041,2,,22490,,,,,,,[],8
114042,2,,22491,,,,,,,[],8
114043,2,,22492,,,,,,,[],8
114044,2,,22493,,,,,,,[],8
114045,2,,22494,,,,,,,[],8
114046,2,,22495,,,,,,,[],8
114047,2,,22496,,,,,,,[],8
114048,2,,22497,,,,,,,[],8
114049,2,,22498,,,,,,,[],8
114050,2,,22499,,,,,,,[],8
114051,2,,22500,,,,,,,[],8
