22001308575
22001308753
22001310031
22001310211
22001310266
22001310536
22001310537
22001310602
22001310734
22001310735
22001310736
22001310737
22001310741
22001310826
22001310827
22001310828
22001310839
22001311361
22001311426
22001312053
22001312054
22001312258
22001312260
22001313647
22001313943
22001313979
22001314334
22001314465
22001314576
22001314577
22001314578
22001314587
22001314996
22001316248
22001316852
22001316870
22001316872
22001317197
22001317286
22001317287
22001318614
22001319211
22001319212
22001319213
22001319214
22001319215
22001319277
22001319328
22001319341
22001321757
22001322115
22001322116
22001322117
22001322118
22001322119
22001322120
22001322122
22001322123
22001322124
22001322125
22001322126
22001322127
22001322380
22001322401
22001322544
22001322545
22001323508
22001323614
22001324041
22001324442
22001324722
22001324860
22001324969
22001325083
22001325084
22001325117
22001325162
22001325508
22001325747
22001325748
22001325749
22001325750
22001325751
22001325864
22001325991
22001325992
22001325993
22001326253
22001326954
22001327558
22001327560
22001329248
22001329299
22001331255
22001331463
22001333966
22101787901
22101787902
22101787903
22101787904
22101787905
22101787908
22101787926
22101787927
22101787928
22101787929
22101788271
22101788639
22101788879
22101788894
22101788895
22101788896
22101788952
22101789497
22101790483
22101790484
22101790880
22101790934
22101791281
22101791626
22101791637
22101791638
22101791732
22101791971
22101791973
22101791975
22101791976
22101791979
22101791981
22101791982
22101791984
22101791985
22101791986
22101791993
22101791994
22101791995
22101791996
22101791997
22101791998
22101791999
22101792000
22101792001
22101792002
22101792147
22101793279
22101793304
22101793564
22101793868
22101794255
22101794317
22101794567
22101794629
22101795026
22101795503
22101795658
22101795821
22101796045
22101796048
22101797250
22101797278
22101797280
22101797282
22101799404
22202592561
22202592562
22202592563
22202592857
22202593075
22202593421
22202593422
22202594792
22202595597
22202595865
22202595866
22202595867
22202595868
22202595869
22202595870
22202596296
22202596297
22202597053
22202597169
22202597170
22202597188
22202597189
22202597228
22202597229
22202597748
22202603605
22202603606
22202603607
22202603608
22202603609
22202603610
22202603611
22202603612
22202604354
22202604931
22202605172
22202605591
22202605592
22202605593
22202605594
22202605797
22202605837
22202605980
22202605981
22202605982
22202606072
22202606472
22202608047
22202608285
22202609755
22302230020
22302230021
22302230022
22302230159
22302230191
22302230327
22302230328
22302230329
22302230845
22302230889
22302231833
22302231881
22302231939
22302233029
22302233030
22302233195
22302233196
22302233197
22302233198
22302233199
22302233200
22302233201
22302233202
22302233203
22302233204
22302233205
22302233206
22302233207
22302234012
22302234269
22302234271
22302234274
22302234744
22302234745
22302234927
22302234928
22302236170
22302237519
22302238814
22302238969
22302238970
22302239015
22302239017
22302239811
22302239816
22302239820
22302239884
22302240481
22302240482
22302240718
22302240899
22302240900
22302242272
22402049898
22402050569
22402051270
22402051271
22402052061
22402053106
22402054102
22402054152
22402054156
22402054297
22402054298
22402054926
22402054927
22402058095
22402058097
22402058146
22402058798
22402058799
22402058899
22402059433
22402059887
22402060789
22502236690
22502237041
22502237790
22502238693
22502238733
22502240206
22502240542
22502240544
22502242214
22502242222
22502245446
22502246727
