22502247452
22502247540
22502247935
22502247947
22502248115
22502248589
22502249445
22502249446
22502249679
22502250124
22502250127
22502250227
22602349057
22602350470
22602350474
22602351377
22602351599
22602351602
22602351997
22602352303
22602352459
22602352746
22602352747
22602354075
22602355099
22602358476
22602358477
22602358478
22602358479
22602358480
22602358481
22602358482
22602358483
22602358588
22602358669
22602362715
22702559631
22702560805
22702560806
22702560960
22702562150
22702562680
22702564429
22702564430
22702564435
22702566011
22702566013
22702566014
22702566016
22702566053
22702566054
22702566055
22702566056
22702566057
22702566058
22702567964
22702568327
22702568328
22702568739
22702568786
22702568805
22702568919
22702570193
22702570238
22702570349
22702570409
22702572009
22702578198
22802464721
22802465128
22802465144
22802465769
22802465771
22802465791
22802469606
22802469988
22802471041
22802471228
22802472668
22802480275
22802480276
22802482669
22802485204
22902620209
22902622184
22902623160
22902623419
22902623420
22902623421
22902623422
22902623423
22902624581
22902625862
22902629207
22902629208
22902629430
22902629631
22902629632
22902632896
22902632897
22902632898
22902632899
22902632900
22902632901
22902632902
22902632903
22902632904
22902632905
22902633694
22902633695
22902633696
22902634408
22902635198
22902637658
22902637755
22902638067
22902638068
22902638069
22902638070
22902639081
22902639082
22902639193
22902639613
22902639756
22902639963
23002184271
23002184860
23002184861
23002184862
23002184965
23002185490
23002185491
23002186722
23002190453
23002191010
23002191242
23002191635
23002192416
23002193211
23002193776
23002194850
23002196651
23002198081
23102005075
23102005290
23102005656
23102007768
23102007769
23102007770
23102007771
23102007772
23102007821
23102009923
23102010334
23102010336
23102011464
23102011642
23102011689
23102011692
23102011693
23102011694
23102011695
23102011696
23102011697
23102011698
23102011699
23102011700
23102011701
23102011702
23102013398
23102014449
23102015906
23102016289
23102017252
23102017253
23102017276
23102017347
23102019475
23102019806
23102022117
23102023539
23202258871
23202258935
23202262127
23202263495
23202263496
23202264898
23202266690
23202266784
23202267320
23202267321
23202268403
23202268404
23202268668
23202268670
23202270358
23202273110
23302034372
23302034822
23302034848
23302039556
23302040692
23302040693
23302040694
23302042034
23302042035
23302042036
23302042037
23402040925
23402040926
23402044230
23402044231
23402044232
23402044233
23402045828
23402045829
23402045832
23402045833
23402047121
23402047146
23402047659
23402047741
23402048242
23402048243
23402048244
23402048245
23402049268
23402051591
23402054324
23402054325
23501973639
23501974268
23501975215
23501975987
23501977804
23501978681
23501978770
23501978834
23501980074
23501981212
23501981616
23501981617
23501981618
23501981619
23501981620
23501981621
23501981622
23501981623
23501981624
23501981625
23501983088
23501983089
23501984551
23501984795
23601771517
23601771754
23601771796
23601771953
23601771958
23601771963
23601772863
23601772884
23601774120
23601775300
23601776025
23601776429
23601776731
23601779333
23601780280
23601781066
23601781423
23601781428
23601781429
23601781430
23601781431
23601781432
23601781433
23601781434
23601781436
23601781437
23601781438
23601781439
23601781440
23601781441
23601781442
23601781443
23601781444
23601781446
23601781447
23601781448
23601781449
23601781450
23601781451
23601781452
23601781453
23601781454
23601781455
23601781456
23601781457
23601781458
