23601781459
23601781460
23601782044
23601784046
23601784254
23601787275
23601789395
23601789844
23601789907
23700800216
23700800220
23700801100
23700801508
23700801695
23700801698
23700801715
23700801716
23700801988
23700802193
23700802308
23700803047
23700803048
23700803049
23700803489
24001292291
24001292554
24001293546
24001294422
24001294477
24001294478
24001294479
24001294480
24001294481
24001294508
24001294514
24001295738
24001295749
24001295845
24001296287
24001297196
24001297197
24001297338
24001297339
24001297340
24001297618
24001297848
24001298448
24001298721
24001298722
24001298723
24001298724
24001298850
24001299311
24001299495
24001299780
24001299781
24001299782
24001299783
24001299784
24001299785
24001299980
24001299981
24001300206
24001300254
24001301287
24001301548
24001301550
24001302373
24001302960
24001302961
24001303388
24001303608
24001303609
24001303885
24001303913
24001303938
24001303939
24001303940
24001303941
24001303942
24001303943
24001303944
24001303945
24001303946
24001303947
24001306917
24001308294
24001308402
24001308486
24001308694
24001308695
24001309244
24001309687
24001309960
24001310006
24001310187
24001310205
24001310794
24001311329
24001314397
24001314516
25000067295
25000067319
25000067321
25000068084
25000068678
25000068681
25000068996
25000069006
25000069444
25000069690
25000070497
25000071214
25000071215
25000071628
25000071645
25000072467
25000072472
25000072473
25000072797
25000072798
25000072799
25000072933
25000072934
25000072963
25000073028
25000073314
25000075299
40019566686
40019567250
40019567784
40019571264
40019572107
40019574398
40019575539
40019575599
40019575624
40019576757
40019576946
40019576947
40019578546
40019578547
40019580191
40019580354
40019587191
40019587219
40019588109
40019588111
40019588324
40019588325
40019591118
40019591251
40019591741
40019592529
40019593737
40019594386
40019594705
40019594707
40019594709
40019594710
40019595734
40019596385
40019596386
40019596387
40019596720
40019598042
40019600525
40019602437
40019603807
40019604893
40019605651
40019606022
40019606023
40019606286
40019606306
40019606630
40019607043
40019607448
40019613899
40019613900
40019614663
40019616075
40019618869
40019618870
40019618872
40019619321
40019619372
40019619373
40019619374
40019619375
40019619376
40019619377
40019623403
40019623404
40019623796
40019624308
40019624316
40019624487
40019625363
40019625364
40019626192
40019626197
40019627322
40019627998
40019627999
40019628709
40019628710
40019628711
40019628713
40019628714
40019628715
40019628716
40019628717
40019628718
40019630202
40019630203
40019630233
40019630892
40019630893
40019630894
40019630895
40019630896
40019631712
40019631728
40019632492
40019632507
40019632508
40019632509
40019632788
40019633020
40019633972
40019633975
40019634065
40019634066
40019634067
40019634423
40019635151
40019635839
40019637156
40019637157
40019637728
40019637729
40019637730
40019637731
40019637732
40019637733
40019637734
40019637735
40019643787
40019644286
40019644969
40019645397
40019646701
40019648406
40019649285
40019649848
40019650105
40019650106
40019650107
40019650108
40019651912
40019652361
40019652362
40019652363
40019652364
40019652365
40019652366
40019652367
40019652368
40019652810
40019653014
40019653647
40019654310
40019654394
40019654395
40019654397
40019654601
40019656191
40019656192
40019656193
40019656195
40019656197
40019656800
40019657023
40019657024
40019657132
40019657145
40019658905
40019658906
40019658907
40019658908
40019660373
40019660868
40019660948
40019661068
40019661232
40019661233
40019661234
40019662894
40019662895
