40019662896
40019664515
40019670814
40019671498
40019671499
40019671748
40019671750
40019672976
40019674646
40019676505
40019677513
40019678415
40019679742
40019680196
40019680197
40019680198
40019680199
40019680647
40019680937
40019680938
40019681063
40019681064
40019681304
40019682303
40019682305
40019682307
40019682308
40019683382
40019684776
40019684777
40019685214
40019686083
40019686109
40019686110
40019686111
40019686112
40019686219
40019686336
40019687591
40019688024
40019697180
40019697395
40019697580
40019697581
40019697584
40019697629
40019705320
40019705868
40019706359
40019707079
40019707080
40019707081
40019708300
40019709703
40019709704
40019710266
40019710560
40019711373
40019711374
40019711918
40019713078
40019713241
40019713671
40019714027
40019714028
40019714448
40019714449
40019715361
40019715787
40019715788
40019716754
40019716942
40019716943
40019717828
40019717829
40019717830
40019719659
40019727667
40019731127
40019731228
40019734759
40019737469
40019740423
40019741383
40019741437
40019741789
40019742317
40019742358
40019742359
40019742360
40019742417
40019742418
40019742419
40019742420
40019742421
40019742611
40019742822
40019743209
40019743213
40019743427
40019743428
40019743639
40019743851
40019744011
40019744524
40019744525
40019744678
40019744679
40019744726
40019744727
40019744749
40019744800
40019745770
40019746113
40019746120
40019746121
40019746122
40019746128
40019746137
40019746265
40019747169
40019747214
40019747257
40019747974
40019748000
40019748011
40019748012
40019748013
40019748078
40019748246
40019748361
40019749147
40019749947
40019750028
40019750623
40019750624
40019758096
40019758097
40019758155
40019758156
40019758279
40019758280
40019758281
40019758282
40019758283
40019758288
40019758289
40019758305
40019758340
40019758341
40019758347
40019758348
40019758523
40019758524
40019758673
40019758675
40019758766
40019758767
40019758879
40019758950
40019758952
40019759188
40019759189
40019759328
40019759446
40019759447
40019760140
40019760759
40019761132
40019761133
40019761694
40019761696
40019761949
40019761950
40019762903
40019762904
40019762940
40019763624
40019763738
40019763970
40019764170
40019764242
40019764243
40019764271
40019764606
40019764607
40019764650
40019764826
40019764827
40019764828
40019767371
40019767555
40019768177
40019769013
40019769194
40019769196
40019769241
40019769242
40019769703
40019769704
40019769705
40019769707
40019769708
40019770263
40019770807
40019770808
40019770819
40019770907
40019770910
40019771800
40019772123
40019772839
40019773529
40019774175
40019774178
40019774179
40019774682
40019774683
40019775056
40019775057
40019775160
70002819784
70002820046
70002820372
70002820485
70002820625
70002820967
70002821026
70002821098
70002822158
70002822232
70002822696
70002823090
70002823792
70002823828
70002824500
70002824541
70002825836
70002826004
70002826751
70002827944
70002827945
70002828240
70002828513
70002828998
70002829771
70002829840
70002830249
70002830587
70002831699
70002831783
70002833096
70002834698
70002836514
70002836931
70002837320
70002837338
70002837911
70002838339
70002838428
70002838429
70002840059
70002841465
70002842573
70002843003
70002843019
70002843027
70002844259
70002845351
70002845671
70002846372
70002849352
70002849935
70002850072
70002850448
70002850797
70002851036
70002852028
70002855044
70002855087
70002857331
70002857332
70002857333
70002857334
70002857335
70002857336
70002859114
70002863734
70002864229
70002866070
70002867254
70002869696
70002871066
70002872419
70002872846
70002874052
70002875143
70002875466
70002876092
70002876777
