, 107883363
, 107977528
, 110093631
, 114042912
, 120061069
, 123013869
, 131053456
, 134937920
, 134937929
, 134937939
, 151508482
, 152366856
, 157346255
, 157830351
, 163595251
, 163606975
, 163606976
, 165276304
, 166875933
, 169416885
, 170255740
, 171407280
, 176091012
, 176617854
, 179250744
, 179811935
, 181045406
, 187393896
, 187393909
, 187450953
, 188351368
, 189597000
, 191267664
, 193979025
, 194929873
, 195645936
, 200269791
, 201364989
, 201365001
, 201792451
, 205377692
, 209477480
, 210608329
, 218307214
, 223311271
, 223464414
, 223703913
, 223772673
, 229876963
, 232241535
, 236214355
, 237611290
, 237692772
, 238248496
, 240780335
, 255083621
, 256101257
, 256782216
, 259539524
, 269970759
, 272400009
, 277590432
, 279382342
, 282139301
, 283900750
, 284176540
, 285338666
, 299471769
, 299978879
, 304555308
, 305761729
, 306456638
, 311360521
, 311360530
, 311360548
, 311360565
, 312570500
, 313572437
, 313572713
, 313572785
, 319424467
, 322356752
, 328406166
, 329749012
, 334223145
, 335641983
, 338968670
, 351069463
, 358010182
, 362205943
, 362205979
, 362206009
, 362206019
, 368665130
, 369547539
, 374616824
, 378792853
, 383499100
, 388510434
, 391030917
