, 394718504
, 414447048
, 417038202
, 417038206
, 417726432
, 418035727
, 418136079
, 418136150
, 422904063
, 423665762
, 427820311
, 428846377
, 430945638
, 437058467
, 438464688
, 451013522
, 453690959
, 455282318
, 456789778
, 457825843
, 463384343
, 463720898
, 464487295
, 464673224
, 465041761
, 465113197
, 465225901
, 465392095
, 466317224
, 466317277
, 466317388
, 466332356
, 466625729
, 467739495
, 467795099
, 467987996
, 474334283
, 478488470
, 479450057
, 479625725
, 486466199
, 487971334
, 491079049
, 491302748
, 491588922
, 492567115
, 493916938
, 496008166
, 501317656
, 501400396
, 502475989
, 504706814
, 506326584
, 506326632
, 506327792
, 508494369
, 510399402
, 511252442
, 511254308
, 513153264
, 514778373
, 514843480
, 517303521
, 517303559
, 520170899
, 525733246
, 527803807
, 528799428
, 528799430
, 528799433
, 529217066
, 534288177
, 535219915
, 540419256
, 541379613
, 545277074
, 546550093
, 547958599
, 550829515
, 551714843
, 552473784
, 552796724
, 554455951
, 556157751
, 557084629
, 557084667
, 559415865
, 560163866
, 562145152
, 562187857
, 563532304
, 565956495
, 565956571
, 565956609
, 566110376
, 571475635
, 577211723
, 577616915
, 577922717
, 581268003
