, 589079482
, 593077150
, 593862025
, 598620332
, 602602109
, 603887409
, 609754705
, 611726262
, 616791375
, 616851551
, 624708814
, 628713964
, 629709971
, 631948968
, 633568917
, 636672542
, 640318896
, 640319191
, 645169710
, 645935126
, 647188172
, 647576858
, 648503456
, 649253673
, 650850200
, 655717323
, 656107630
, 657428208
, 662153593
, 662695985
, 665413264
, 667090007
, 669124828
, 669972063
, 670395812
, 670913938
, 671507269
, 672911415
, 672911422
, 672911438
, 672911444
, 672911453
, 673635732
, 673781741
, 673878820
, 674500783
, 674792175
, 674892531
, 675111434
, 675111450
, 675111468
, 675111479
, 675375061
, 675375081
, 675376550
, 675541319
, 675774357
, 675806827
, 676016981
, 676077998
, 676283261
, 676734096
, 677053144
, 677053226
, 677205286
, 677348054
, 677715817
, 677762690
, 677856484
, 677997927
, 677999529
